>> E = [pi/3; -pi/4; pi/3]

E =

    1.0472
   -0.7854
    1.0472

>> R = rx(E(1))*rz(E(2))*ry(E(3))

R =

    0.3536    0.7071    0.6124
    0.5732    0.3536   -0.7392
   -0.7392    0.6124   -0.2803

>> E1 = R2rpy(R)

E1 =

    1.9333
    0.6591
   -1.1071

>> E1-E

ans =

    0.8861
    1.4445
   -2.1543

>> R1 = rx(E1(1))*ry(E1(2))*rz(E1(3))

R1 =

    0.3536    0.7071    0.6124
    0.5732    0.3536   -0.7392
   -0.7392    0.6124   -0.2803

>> R-R1

ans =

   1.0e-15 *

         0   -0.1110    0.1110
         0    0.1110         0
         0         0    0.1110